[data]
Password = 20512928
Money = 15000
Health = 100.000000
Armour = 0.000000
VIP = 0
Admin = 0
PosX = -2037.153930
PosY = -78.090698
PosZ = 35.320312
Skin = 0
VirtualW = 0
Interior = 0
Sex = 2
Age = 16
